7.0
5.0
7.0
9.0
7.0
7.0
5.0
9.0
8.0
6.0
101.0
104.0
100.0
104.0
103.0
101.0
100.0
102.0
104.0
104.0
1002.0
1003.0
1004.0
1004.0
1000.0
1002.0
1001.0
1003.0
1004.0
1001.0
6.0
7.0
6.0
5.0
5.0
7.0
5.0
8.0
9.0
5.0
102.0
103.0
104.0
102.0
101.0
100.0
101.0
101.0
100.0
100.0
1001.0
1001.0
1003.0
1004.0
1004.0
1002.0
1000.0
1003.0
1001.0
1004.0
9.0
9.0
8.0
8.0
9.0
9.0
8.0
6.0
7.0
5.0
102.0
102.0
103.0
102.0
101.0
100.0
102.0
102.0
102.0
103.0
1003.0
1001.0
1000.0
1001.0
1002.0
1001.0
1000.0
1003.0
1003.0
1004.0
5.0
6.0
9.0
6.0
6.0
5.0
8.0
6.0
8.0
7.0
101.0
102.0
101.0
104.0
104.0
103.0
103.0
104.0
103.0
101.0
1004.0
1002.0
1004.0
1004.0
1001.0
1000.0
1004.0
1001.0
1003.0
1001.0
6.0
5.0
5.0
6.0
8.0
9.0
8.0
9.0
6.0
8.0
102.0
102.0
102.0
103.0
101.0
102.0
104.0
101.0
103.0
100.0
1003.0
1001.0
1001.0
1003.0
1001.0
1002.0
1001.0
1003.0
1003.0
1003.0
8.0
9.0
8.0
9.0
7.0
5.0
6.0
8.0
8.0
7.0
100.0
101.0
101.0
102.0
104.0
102.0
102.0
103.0
104.0
104.0
1001.0
1002.0
1000.0
1000.0
1001.0
1000.0
1004.0
1002.0
1004.0
1001.0
7.0
9.0
5.0
5.0
7.0
7.0
5.0
6.0
7.0
9.0
101.0
100.0
102.0
102.0
103.0
101.0
104.0
103.0
101.0
100.0
1001.0
1002.0
1004.0
1004.0
1004.0
1003.0
1000.0
1001.0
1000.0
1001.0
9.0
6.0
5.0
5.0
9.0
9.0
7.0
6.0
6.0
9.0
104.0
104.0
103.0
102.0
101.0
101.0
100.0
104.0
100.0
104.0
1002.0
1003.0
1004.0
1002.0
1004.0
1002.0
1004.0
1001.0
1002.0
1001.0
8.0
8.0
7.0
7.0
5.0
6.0
9.0
6.0
7.0
9.0
101.0
104.0
101.0
103.0
101.0
104.0
102.0
100.0
103.0
104.0
1002.0
1003.0
1004.0
1001.0
1003.0
1000.0
1002.0
1004.0
1001.0
1003.0
5.0
7.0
9.0
9.0
5.0
6.0
7.0
5.0
7.0
5.0
103.0
102.0
101.0
102.0
101.0
104.0
101.0
104.0
100.0
101.0
1004.0
1002.0
1002.0
1002.0
1003.0
1002.0
1002.0
1001.0
1001.0
1003.0